1
4 1 2 3 
2 3 1 4 
1 4 3 2 
3 2 4 1 
2
1 2 4 3 
4 3 2 1 
3 4 1 2 
2 1 3 4 
3
4 3 1 2 
2 1 4 3 
3 4 2 1 
1 2 3 4 
4
3 4 2 1 
2 1 4 3 
4 3 1 2 
1 2 3 4 
5
2 1 4 3 
4 3 2 1 
1 2 3 4 
3 4 1 2 
6
2 4 1 3 
1 3 4 2 
3 1 2 4 
4 2 3 1 
7
2 1 3 4 
4 3 2 1 
3 4 1 2 
1 2 4 3 
8
3 4 2 1 
1 2 4 3 
2 1 3 4 
4 3 1 2 
9
3 2 4 1 
4 1 3 2 
1 4 2 3 
2 3 1 4 
10
3 1 2 4 
4 2 3 1 
2 4 1 3 
1 3 4 2 
11
3 2 4 1 
4 1 2 3 
2 3 1 4 
1 4 3 2 
12
3 4 2 1 
1 2 4 3 
2 1 3 4 
4 3 1 2 
13
2 3 1 4 
1 4 2 3 
3 1 4 2 
4 2 3 1 
14
3 1 2 4 
2 4 1 3 
4 2 3 1 
1 3 4 2 
15
3 2 4 1 
4 1 2 3 
2 3 1 4 
1 4 3 2 
16
3 4 2 1 
2 1 3 4 
4 3 1 2 
1 2 4 3 
17
1 4 2 3 
2 3 1 4 
4 2 3 1 
3 1 4 2 
18
2 4 1 3 
1 3 2 4 
4 1 3 2 
3 2 4 1 
19
3 4 1 2 
1 2 3 4 
4 3 2 1 
2 1 4 3 
20
3 1 4 2 
2 4 3 1 
1 3 2 4 
4 2 1 3 
21
2 4 1 3 
1 3 2 4 
3 1 4 2 
4 2 3 1 
22
3 1 2 4 
2 4 3 1 
4 2 1 3 
1 3 4 2 
23
3 1 4 2 
2 4 3 1 
4 2 1 3 
1 3 2 4 
24
4 3 2 1 
1 2 3 4 
2 1 4 3 
3 4 1 2 
25
1 2 3 4 
3 4 2 1 
2 1 4 3 
4 3 1 2 
26
3 4 2 1 
2 1 3 4 
1 2 4 3 
4 3 1 2 
27
2 3 4 1 
4 1 2 3 
3 4 1 2 
1 2 3 4 
28
3 1 4 2 
2 4 3 1 
4 2 1 3 
1 3 2 4 
29
4 2 1 3 
1 3 4 2 
3 4 2 1 
2 1 3 4 
30
1 4 3 2 
3 2 4 1 
4 1 2 3 
2 3 1 4 
31
2 3 4 1 
1 4 2 3 
4 1 3 2 
3 2 1 4 
32
2 4 1 3 
3 1 4 2 
1 2 3 4 
4 3 2 1 
33
3 1 4 2 
2 4 3 1 
4 2 1 3 
1 3 2 4 
34
1 4 2 3 
3 2 4 1 
4 1 3 2 
2 3 1 4 
35
3 2 1 4 
4 1 3 2 
2 3 4 1 
1 4 2 3 
36
3 4 2 1 
2 1 4 3 
1 2 3 4 
4 3 1 2 
37
3 4 1 2 
2 1 3 4 
4 3 2 1 
1 2 4 3 
38
4 2 1 3 
3 1 4 2 
2 4 3 1 
1 3 2 4 
39
4 2 1 3 
3 1 2 4 
2 3 4 1 
1 4 3 2 
40
2 4 1 3 
3 1 4 2 
1 3 2 4 
4 2 3 1 
41
4 2 1 3 
1 3 2 4 
3 1 4 2 
2 4 3 1 
42
2 1 3 4 
3 4 2 1 
1 2 4 3 
4 3 1 2 
43
3 2 4 1 
4 1 3 2 
2 4 1 3 
1 3 2 4 
44
2 1 3 4 
3 4 1 2 
4 3 2 1 
1 2 4 3 
45
3 1 2 4 
2 4 3 1 
4 2 1 3 
1 3 4 2 
46
1 2 4 3 
3 4 1 2 
2 1 3 4 
4 3 2 1 
47
4 1 2 3 
3 2 4 1 
1 4 3 2 
2 3 1 4 
48
2 1 4 3 
4 3 2 1 
3 2 1 4 
1 4 3 2 
49
4 2 3 1 
1 3 2 4 
2 1 4 3 
3 4 1 2 
50
2 4 3 1 
3 1 4 2 
1 3 2 4 
4 2 1 3 
51
2 3 4 1 
4 1 2 3 
3 4 1 2 
1 2 3 4 
52
3 2 1 4 
4 1 3 2 
2 3 4 1 
1 4 2 3 
53
1 4 2 3 
3 2 1 4 
4 1 3 2 
2 3 4 1 
54
4 3 2 1 
1 2 4 3 
3 4 1 2 
2 1 3 4 
55
3 1 2 4 
4 2 3 1 
1 3 4 2 
2 4 1 3 
56
3 1 2 4 
2 4 1 3 
4 2 3 1 
1 3 4 2 
57
3 4 1 2 
1 2 4 3 
4 3 2 1 
2 1 3 4 
58
4 3 2 1 
1 2 4 3 
3 4 1 2 
2 1 3 4 
59
1 4 2 3 
2 3 1 4 
4 2 3 1 
3 1 4 2 
60
3 2 1 4 
4 1 2 3 
1 3 4 2 
2 4 3 1 
61
1 4 3 2 
2 3 1 4 
3 2 4 1 
4 1 2 3 
62
4 2 1 3 
3 1 4 2 
2 4 3 1 
1 3 2 4 
63
2 1 3 4 
3 4 2 1 
1 3 4 2 
4 2 1 3 
64
4 3 1 2 
2 1 3 4 
3 4 2 1 
1 2 4 3 
65
2 3 4 1 
1 4 3 2 
3 2 1 4 
4 1 2 3 
66
1 4 2 3 
2 3 4 1 
4 1 3 2 
3 2 1 4 
67
2 3 1 4 
4 1 2 3 
3 2 4 1 
1 4 3 2 
68
1 2 4 3 
3 4 2 1 
2 3 1 4 
4 1 3 2 
69
4 3 2 1 
1 2 3 4 
3 4 1 2 
2 1 4 3 
70
1 2 3 4 
3 4 1 2 
4 3 2 1 
2 1 4 3 
71
4 3 1 2 
2 1 3 4 
3 2 4 1 
1 4 2 3 
72
1 4 3 2 
2 3 1 4 
4 1 2 3 
3 2 4 1 
73
4 2 3 1 
1 3 4 2 
3 1 2 4 
2 4 1 3 
74
4 3 2 1 
1 2 3 4 
2 1 4 3 
3 4 1 2 
75
2 4 1 3 
3 1 4 2 
1 2 3 4 
4 3 2 1 
76
3 4 1 2 
1 2 4 3 
2 1 3 4 
4 3 2 1 
77
3 1 2 4 
2 4 1 3 
1 3 4 2 
4 2 3 1 
78
4 1 2 3 
2 3 1 4 
3 2 4 1 
1 4 3 2 
79
1 4 2 3 
3 2 4 1 
2 3 1 4 
4 1 3 2 
80
1 4 3 2 
2 3 1 4 
3 2 4 1 
4 1 2 3 
81
4 3 1 2 
2 1 4 3 
1 2 3 4 
3 4 2 1 
82
1 4 2 3 
3 2 1 4 
2 3 4 1 
4 1 3 2 
83
3 4 2 1 
1 2 3 4 
4 3 1 2 
2 1 4 3 
84
4 2 3 1 
1 3 4 2 
2 4 1 3 
3 1 2 4 
85
3 2 4 1 
1 4 3 2 
2 3 1 4 
4 1 2 3 
86
3 4 2 1 
2 1 3 4 
4 3 1 2 
1 2 4 3 
87
3 4 1 2 
2 1 4 3 
4 3 2 1 
1 2 3 4 
88
1 4 3 2 
3 2 4 1 
4 1 2 3 
2 3 1 4 
89
3 4 1 2 
1 2 3 4 
4 1 2 3 
2 3 4 1 
90
1 3 2 4 
2 4 1 3 
3 2 4 1 
4 1 3 2 
91
3 2 1 4 
1 4 2 3 
2 3 4 1 
4 1 3 2 
92
2 3 4 1 
1 4 3 2 
3 1 2 4 
4 2 1 3 
93
1 3 4 2 
2 4 1 3 
3 1 2 4 
4 2 3 1 
94
2 3 1 4 
1 4 3 2 
3 2 4 1 
4 1 2 3 
95
4 3 2 1 
1 2 3 4 
2 1 4 3 
3 4 1 2 
96
1 4 2 3 
3 2 1 4 
4 1 3 2 
2 3 4 1 
97
1 3 4 2 
2 4 3 1 
4 2 1 3 
3 1 2 4 
98
3 1 2 4 
4 2 1 3 
1 4 3 2 
2 3 4 1 
99
1 3 4 2 
2 4 1 3 
3 1 2 4 
4 2 3 1 
100
3 4 1 2 
2 1 3 4 
1 2 4 3 
4 3 2 1 
101
3 4 2 1 
1 2 4 3 
2 3 1 4 
4 1 3 2 
102
2 4 3 1 
3 1 2 4 
1 3 4 2 
4 2 1 3 
103
2 3 4 1 
4 1 2 3 
3 4 1 2 
1 2 3 4 
104
2 3 4 1 
1 4 2 3 
3 2 1 4 
4 1 3 2 
105
4 2 1 3 
3 1 4 2 
1 3 2 4 
2 4 3 1 
106
1 3 2 4 
2 4 3 1 
3 1 4 2 
4 2 1 3 
107
2 3 4 1 
4 1 2 3 
3 4 1 2 
1 2 3 4 
108
4 2 3 1 
3 1 2 4 
2 4 1 3 
1 3 4 2 
109
3 1 4 2 
4 2 1 3 
1 3 2 4 
2 4 3 1 
110
4 1 3 2 
2 3 4 1 
3 2 1 4 
1 4 2 3 
111
1 4 2 3 
2 3 4 1 
4 1 3 2 
3 2 1 4 
112
1 4 2 3 
2 3 1 4 
3 2 4 1 
4 1 3 2 
113
4 1 2 3 
3 2 4 1 
2 3 1 4 
1 4 3 2 
114
1 4 2 3 
2 3 1 4 
4 1 3 2 
3 2 4 1 
115
1 2 4 3 
4 3 1 2 
3 1 2 4 
2 4 3 1 
116
2 1 4 3 
3 4 1 2 
1 2 3 4 
4 3 2 1 
117
1 2 4 3 
4 3 1 2 
3 4 2 1 
2 1 3 4 
118
2 3 1 4 
1 4 3 2 
4 1 2 3 
3 2 4 1 
119
2 3 1 4 
4 1 2 3 
3 2 4 1 
1 4 3 2 
120
1 4 3 2 
3 2 1 4 
2 1 4 3 
4 3 2 1 
121
4 1 3 2 
3 2 1 4 
2 3 4 1 
1 4 2 3 
122
2 3 1 4 
4 1 3 2 
3 2 4 1 
1 4 2 3 
123
4 2 1 3 
1 3 4 2 
3 4 2 1 
2 1 3 4 
124
1 3 2 4 
2 4 3 1 
4 2 1 3 
3 1 4 2 
125
2 4 3 1 
1 3 2 4 
4 2 1 3 
3 1 4 2 
126
1 3 2 4 
4 2 1 3 
2 4 3 1 
3 1 4 2 
127
4 3 1 2 
1 2 4 3 
3 1 2 4 
2 4 3 1 
128
4 3 2 1 
2 1 3 4 
1 2 4 3 
3 4 1 2 
129
3 1 2 4 
2 4 1 3 
4 2 3 1 
1 3 4 2 
130
2 1 3 4 
3 4 1 2 
4 3 2 1 
1 2 4 3 
131
4 3 2 1 
2 1 3 4 
1 2 4 3 
3 4 1 2 
132
4 3 1 2 
1 2 4 3 
3 4 2 1 
2 1 3 4 
133
3 2 1 4 
1 4 2 3 
4 1 3 2 
2 3 4 1 
134
3 4 2 1 
1 2 4 3 
2 1 3 4 
4 3 1 2 
135
2 4 1 3 
3 1 4 2 
4 3 2 1 
1 2 3 4 
136
2 1 4 3 
3 4 1 2 
1 2 3 4 
4 3 2 1 
137
4 1 3 2 
3 2 1 4 
2 3 4 1 
1 4 2 3 
138
3 4 2 1 
2 1 3 4 
4 2 1 3 
1 3 4 2 
139
1 3 4 2 
2 4 1 3 
3 1 2 4 
4 2 3 1 
140
2 1 3 4 
4 3 1 2 
1 4 2 3 
3 2 4 1 
141
4 1 3 2 
2 3 1 4 
3 4 2 1 
1 2 4 3 
142
3 2 1 4 
4 1 2 3 
2 4 3 1 
1 3 4 2 
143
4 3 1 2 
1 2 3 4 
3 4 2 1 
2 1 4 3 
144
2 3 1 4 
4 1 3 2 
3 4 2 1 
1 2 4 3 
145
1 2 3 4 
4 3 1 2 
2 1 4 3 
3 4 2 1 
146
1 4 2 3 
3 2 1 4 
2 3 4 1 
4 1 3 2 
147
1 2 4 3 
3 4 2 1 
2 3 1 4 
4 1 3 2 
148
1 2 4 3 
3 4 2 1 
4 1 3 2 
2 3 1 4 
149
1 2 4 3 
3 4 1 2 
2 1 3 4 
4 3 2 1 
150
2 1 4 3 
4 3 1 2 
3 4 2 1 
1 2 3 4 
151
4 1 3 2 
3 2 4 1 
2 3 1 4 
1 4 2 3 
152
1 3 4 2 
4 2 3 1 
2 4 1 3 
3 1 2 4 
153
1 2 3 4 
3 4 1 2 
4 1 2 3 
2 3 4 1 
154
4 2 1 3 
1 3 2 4 
3 1 4 2 
2 4 3 1 
155
2 3 4 1 
1 4 3 2 
4 1 2 3 
3 2 1 4 
156
4 2 1 3 
3 1 4 2 
1 3 2 4 
2 4 3 1 
157
4 2 3 1 
3 1 4 2 
1 3 2 4 
2 4 1 3 
158
4 2 1 3 
3 1 4 2 
2 4 3 1 
1 3 2 4 
159
1 4 2 3 
3 2 4 1 
4 1 3 2 
2 3 1 4 
160
1 2 3 4 
4 3 1 2 
3 4 2 1 
2 1 4 3 
161
4 1 2 3 
3 2 1 4 
1 4 3 2 
2 3 4 1 
162
4 2 1 3 
1 3 2 4 
3 1 4 2 
2 4 3 1 
163
2 1 3 4 
3 4 2 1 
4 3 1 2 
1 2 4 3 
164
2 1 3 4 
3 4 2 1 
4 2 1 3 
1 3 4 2 
165
2 3 1 4 
1 4 2 3 
3 1 4 2 
4 2 3 1 
166
1 4 3 2 
3 2 4 1 
2 3 1 4 
4 1 2 3 
167
4 2 3 1 
3 1 2 4 
2 4 1 3 
1 3 4 2 
168
4 1 3 2 
3 2 1 4 
2 3 4 1 
1 4 2 3 
169
4 1 2 3 
2 3 1 4 
3 2 4 1 
1 4 3 2 
170
1 3 4 2 
4 2 3 1 
2 4 1 3 
3 1 2 4 
171
2 1 3 4 
4 3 1 2 
3 2 4 1 
1 4 2 3 
172
4 3 2 1 
2 1 3 4 
1 2 4 3 
3 4 1 2 
173
2 1 3 4 
3 4 2 1 
1 3 4 2 
4 2 1 3 
174
3 2 1 4 
1 4 2 3 
4 1 3 2 
2 3 4 1 
175
2 4 1 3 
1 3 4 2 
3 1 2 4 
4 2 3 1 
176
3 4 2 1 
2 1 4 3 
4 3 1 2 
1 2 3 4 
177
4 2 3 1 
3 1 2 4 
2 4 1 3 
1 3 4 2 
178
3 1 2 4 
4 2 3 1 
2 4 1 3 
1 3 4 2 
179
4 3 1 2 
2 1 3 4 
3 2 4 1 
1 4 2 3 
180
1 3 2 4 
4 2 1 3 
3 1 4 2 
2 4 3 1 
181
1 2 4 3 
3 4 2 1 
2 1 3 4 
4 3 1 2 
182
3 4 1 2 
1 2 3 4 
4 1 2 3 
2 3 4 1 
183
1 4 3 2 
3 2 4 1 
4 1 2 3 
2 3 1 4 
184
3 1 4 2 
4 2 1 3 
2 4 3 1 
1 3 2 4 
185
3 2 4 1 
4 1 2 3 
1 4 3 2 
2 3 1 4 
186
4 1 3 2 
3 2 4 1 
2 3 1 4 
1 4 2 3 
187
4 3 1 2 
2 1 3 4 
1 4 2 3 
3 2 4 1 
188
4 3 1 2 
1 2 3 4 
2 1 4 3 
3 4 2 1 
189
1 4 2 3 
3 2 4 1 
4 1 3 2 
2 3 1 4 
190
3 4 2 1 
1 2 4 3 
2 1 3 4 
4 3 1 2 
191
1 2 3 4 
4 3 2 1 
3 1 4 2 
2 4 1 3 
192
2 3 1 4 
4 1 3 2 
1 4 2 3 
3 2 4 1 
193
4 3 1 2 
1 2 3 4 
3 4 2 1 
2 1 4 3 
194
2 3 1 4 
4 1 2 3 
3 2 4 1 
1 4 3 2 
195
3 2 4 1 
4 1 3 2 
2 3 1 4 
1 4 2 3 
196
4 1 2 3 
3 2 4 1 
2 3 1 4 
1 4 3 2 
197
3 2 1 4 
1 4 3 2 
2 1 4 3 
4 3 2 1 
198
2 3 4 1 
1 4 3 2 
4 1 2 3 
3 2 1 4 
199
1 3 2 4 
2 4 1 3 
3 1 4 2 
4 2 3 1 
200
3 1 4 2 
4 2 3 1 
2 4 1 3 
1 3 2 4 
201
1 2 3 4 
4 3 2 1 
2 4 1 3 
3 1 4 2 
202
4 1 2 3 
3 2 1 4 
1 3 4 2 
2 4 3 1 
203
4 2 1 3 
3 1 4 2 
1 3 2 4 
2 4 3 1 
204
1 3 2 4 
2 4 3 1 
3 1 4 2 
4 2 1 3 
205
3 1 4 2 
4 2 3 1 
1 4 2 3 
2 3 1 4 
206
2 1 3 4 
4 3 1 2 
1 4 2 3 
3 2 4 1 
207
3 1 4 2 
4 2 1 3 
2 4 3 1 
1 3 2 4 
208
2 3 4 1 
4 1 3 2 
3 2 1 4 
1 4 2 3 
209
1 4 3 2 
2 3 1 4 
4 1 2 3 
3 2 4 1 
210
1 4 3 2 
2 3 4 1 
3 2 1 4 
4 1 2 3 
211
2 1 4 3 
4 3 2 1 
1 4 3 2 
3 2 1 4 
212
4 2 1 3 
1 3 2 4 
3 1 4 2 
2 4 3 1 
213
2 1 4 3 
4 3 2 1 
3 4 1 2 
1 2 3 4 
214
3 4 1 2 
1 2 3 4 
2 3 4 1 
4 1 2 3 
215
1 3 2 4 
4 2 1 3 
2 4 3 1 
3 1 4 2 
216
4 2 3 1 
1 3 4 2 
3 1 2 4 
2 4 1 3 
217
4 2 3 1 
1 3 2 4 
2 4 1 3 
3 1 4 2 
218
4 3 2 1 
2 1 4 3 
1 2 3 4 
3 4 1 2 
219
3 4 1 2 
1 2 4 3 
2 1 3 4 
4 3 2 1 
220
3 1 4 2 
4 2 1 3 
2 4 3 1 
1 3 2 4 
221
2 3 4 1 
1 4 2 3 
4 1 3 2 
3 2 1 4 
222
1 3 4 2 
4 2 1 3 
3 1 2 4 
2 4 3 1 
223
1 2 4 3 
3 4 1 2 
2 1 3 4 
4 3 2 1 
224
2 4 3 1 
3 1 2 4 
4 3 1 2 
1 2 4 3 
225
3 1 2 4 
4 2 1 3 
2 3 4 1 
1 4 3 2 
226
2 1 4 3 
3 4 2 1 
1 2 3 4 
4 3 1 2 
227
1 2 4 3 
4 3 2 1 
3 4 1 2 
2 1 3 4 
228
1 4 2 3 
2 3 1 4 
4 1 3 2 
3 2 4 1 
229
4 3 2 1 
2 1 3 4 
1 2 4 3 
3 4 1 2 
230
1 3 2 4 
4 2 1 3 
3 1 4 2 
2 4 3 1 
231
1 4 3 2 
3 2 4 1 
2 3 1 4 
4 1 2 3 
232
1 3 4 2 
2 4 3 1 
4 1 2 3 
3 2 1 4 
233
4 3 2 1 
1 2 4 3 
3 4 1 2 
2 1 3 4 
234
3 2 1 4 
4 1 2 3 
1 3 4 2 
2 4 3 1 
235
2 3 4 1 
4 1 3 2 
3 2 1 4 
1 4 2 3 
236
3 4 2 1 
1 2 3 4 
4 3 1 2 
2 1 4 3 
237
2 1 3 4 
4 3 1 2 
3 4 2 1 
1 2 4 3 
238
4 3 1 2 
2 1 3 4 
1 4 2 3 
3 2 4 1 
239
3 1 4 2 
4 2 3 1 
1 3 2 4 
2 4 1 3 
240
4 3 2 1 
2 1 4 3 
3 2 1 4 
1 4 3 2 
241
2 3 4 1 
1 4 2 3 
4 1 3 2 
3 2 1 4 
242
1 2 4 3 
3 4 1 2 
4 3 2 1 
2 1 3 4 
243
1 3 4 2 
4 2 1 3 
2 4 3 1 
3 1 2 4 
244
1 3 2 4 
2 4 1 3 
3 1 4 2 
4 2 3 1 
245
4 3 1 2 
1 2 4 3 
3 4 2 1 
2 1 3 4 
246
4 1 2 3 
2 3 1 4 
3 2 4 1 
1 4 3 2 
247
3 4 2 1 
2 1 4 3 
1 2 3 4 
4 3 1 2 
248
4 2 3 1 
1 3 4 2 
3 1 2 4 
2 4 1 3 
249
1 2 4 3 
3 4 1 2 
2 1 3 4 
4 3 2 1 
250
4 2 1 3 
1 3 4 2 
3 4 2 1 
2 1 3 4 
251
3 1 4 2 
2 4 1 3 
4 2 3 1 
1 3 2 4 
252
3 2 4 1 
1 4 2 3 
4 1 3 2 
2 3 1 4 
253
3 4 1 2 
1 2 3 4 
2 1 4 3 
4 3 2 1 
254
3 2 1 4 
4 1 2 3 
1 4 3 2 
2 3 4 1 
255
3 4 1 2 
2 1 4 3 
1 3 2 4 
4 2 3 1 
256
1 3 2 4 
4 2 3 1 
2 1 4 3 
3 4 1 2 
257
3 4 2 1 
1 2 4 3 
4 3 1 2 
2 1 3 4 
258
4 2 1 3 
1 3 4 2 
2 4 3 1 
3 1 2 4 
259
1 4 2 3 
3 2 4 1 
2 1 3 4 
4 3 1 2 
260
4 1 3 2 
3 2 1 4 
1 4 2 3 
2 3 4 1 
261
4 1 2 3 
2 3 4 1 
1 4 3 2 
3 2 1 4 
262
4 1 2 3 
2 3 1 4 
1 4 3 2 
3 2 4 1 
263
4 1 2 3 
2 3 4 1 
1 4 3 2 
3 2 1 4 
264
4 3 2 1 
1 2 3 4 
2 1 4 3 
3 4 1 2 
265
1 3 4 2 
4 2 3 1 
3 1 2 4 
2 4 1 3 
266
2 3 4 1 
4 1 3 2 
1 4 2 3 
3 2 1 4 
267
1 2 3 4 
4 3 1 2 
3 4 2 1 
2 1 4 3 
268
3 4 2 1 
2 1 4 3 
4 3 1 2 
1 2 3 4 
269
4 2 1 3 
3 1 2 4 
2 4 3 1 
1 3 4 2 
270
1 3 2 4 
4 2 3 1 
3 4 1 2 
2 1 4 3 
271
2 1 4 3 
4 3 1 2 
3 4 2 1 
1 2 3 4 
272
4 3 1 2 
2 1 4 3 
3 4 2 1 
1 2 3 4 
273
3 2 4 1 
1 4 2 3 
4 3 1 2 
2 1 3 4 
274
4 2 3 1 
1 3 2 4 
2 4 1 3 
3 1 4 2 
275
1 2 4 3 
3 4 2 1 
4 3 1 2 
2 1 3 4 
276
2 1 3 4 
3 4 1 2 
1 2 4 3 
4 3 2 1 
277
2 1 3 4 
3 4 2 1 
4 3 1 2 
1 2 4 3 
278
3 1 2 4 
2 4 3 1 
4 2 1 3 
1 3 4 2 
279
2 1 3 4 
4 3 2 1 
1 2 4 3 
3 4 1 2 
280
1 4 3 2 
3 2 4 1 
4 1 2 3 
2 3 1 4 
281
1 3 4 2 
2 4 1 3 
3 1 2 4 
4 2 3 1 
282
1 2 3 4 
4 3 1 2 
2 1 4 3 
3 4 2 1 
283
3 2 4 1 
1 4 2 3 
2 3 1 4 
4 1 3 2 
284
4 2 1 3 
1 3 4 2 
2 1 3 4 
3 4 2 1 
285
4 3 1 2 
2 1 3 4 
3 2 4 1 
1 4 2 3 
286
1 4 3 2 
3 2 4 1 
2 3 1 4 
4 1 2 3 
287
1 4 3 2 
3 2 1 4 
4 1 2 3 
2 3 4 1 
288
4 2 1 3 
1 3 2 4 
3 1 4 2 
2 4 3 1 
289
3 2 4 1 
1 4 2 3 
4 1 3 2 
2 3 1 4 
290
1 2 4 3 
4 3 2 1 
2 1 3 4 
3 4 1 2 
291
4 2 1 3 
3 1 2 4 
1 4 3 2 
2 3 4 1 
292
4 1 2 3 
3 2 4 1 
2 3 1 4 
1 4 3 2 
293
3 4 1 2 
1 2 4 3 
4 3 2 1 
2 1 3 4 
294
4 1 2 3 
2 3 1 4 
3 2 4 1 
1 4 3 2 
295
2 3 1 4 
1 4 2 3 
3 2 4 1 
4 1 3 2 
296
1 3 4 2 
2 4 1 3 
3 1 2 4 
4 2 3 1 
297
4 1 2 3 
2 3 4 1 
3 2 1 4 
1 4 3 2 
298
1 2 4 3 
3 4 1 2 
4 3 2 1 
2 1 3 4 
299
3 4 2 1 
2 1 4 3 
4 3 1 2 
1 2 3 4 
300
2 1 3 4 
3 4 1 2 
1 2 4 3 
4 3 2 1 
301
1 4 3 2 
2 3 1 4 
4 1 2 3 
3 2 4 1 
302
4 2 3 1 
3 1 4 2 
1 4 2 3 
2 3 1 4 
303
3 4 2 1 
1 2 3 4 
4 3 1 2 
2 1 4 3 
304
1 4 2 3 
3 2 1 4 
2 3 4 1 
4 1 3 2 
305
1 2 3 4 
3 4 2 1 
4 3 1 2 
2 1 4 3 
306
3 4 1 2 
2 1 3 4 
4 3 2 1 
1 2 4 3 
307
3 2 1 4 
4 1 3 2 
2 3 4 1 
1 4 2 3 
308
1 3 2 4 
4 2 1 3 
3 1 4 2 
2 4 3 1 
309
1 2 3 4 
3 4 2 1 
4 3 1 2 
2 1 4 3 
310
2 1 3 4 
4 3 1 2 
1 4 2 3 
3 2 4 1 
311
3 1 2 4 
4 2 3 1 
2 4 1 3 
1 3 4 2 
312
4 3 2 1 
2 1 3 4 
3 4 1 2 
1 2 4 3 
313
1 2 3 4 
4 3 1 2 
3 4 2 1 
2 1 4 3 
314
4 1 2 3 
3 2 4 1 
2 3 1 4 
1 4 3 2 
315
2 1 4 3 
3 4 2 1 
4 3 1 2 
1 2 3 4 
316
4 3 1 2 
2 1 4 3 
1 2 3 4 
3 4 2 1 
317
1 3 4 2 
2 4 3 1 
3 1 2 4 
4 2 1 3 
318
3 2 4 1 
4 1 2 3 
1 4 3 2 
2 3 1 4 
319
3 1 4 2 
4 2 1 3 
2 4 3 1 
1 3 2 4 
320
3 4 2 1 
1 2 4 3 
4 3 1 2 
2 1 3 4 
321
4 2 1 3 
3 1 2 4 
2 4 3 1 
1 3 4 2 
322
3 1 4 2 
2 4 3 1 
4 2 1 3 
1 3 2 4 
323
4 3 2 1 
1 2 3 4 
2 4 1 3 
3 1 4 2 
324
1 2 3 4 
4 3 2 1 
3 1 4 2 
2 4 1 3 
325
1 4 3 2 
2 3 4 1 
4 2 1 3 
3 1 2 4 
326
3 2 1 4 
4 1 3 2 
1 4 2 3 
2 3 4 1 
327
1 4 3 2 
3 2 1 4 
4 1 2 3 
2 3 4 1 
328
1 4 3 2 
3 2 4 1 
4 1 2 3 
2 3 1 4 
329
3 2 4 1 
4 1 3 2 
1 3 2 4 
2 4 1 3 
330
2 3 1 4 
4 1 3 2 
3 2 4 1 
1 4 2 3 
331
4 3 2 1 
1 2 3 4 
2 1 4 3 
3 4 1 2 
332
2 4 3 1 
3 1 4 2 
4 2 1 3 
1 3 2 4 
333
3 2 4 1 
4 1 3 2 
2 4 1 3 
1 3 2 4 
334
3 2 1 4 
1 4 2 3 
2 3 4 1 
4 1 3 2 
335
1 3 4 2 
4 2 3 1 
3 1 2 4 
2 4 1 3 
336
3 1 4 2 
4 2 1 3 
1 3 2 4 
2 4 3 1 
337
3 2 1 4 
4 1 3 2 
2 3 4 1 
1 4 2 3 
338
3 2 1 4 
1 4 3 2 
2 1 4 3 
4 3 2 1 
339
1 3 2 4 
2 4 1 3 
3 1 4 2 
4 2 3 1 
340
1 2 4 3 
4 3 2 1 
3 4 1 2 
2 1 3 4 
341
2 4 1 3 
3 1 4 2 
1 2 3 4 
4 3 2 1 
342
4 1 2 3 
2 3 1 4 
1 4 3 2 
3 2 4 1 
343
4 1 2 3 
2 3 1 4 
3 2 4 1 
1 4 3 2 
344
4 2 1 3 
3 1 4 2 
2 4 3 1 
1 3 2 4 
345
1 3 2 4 
2 4 1 3 
4 1 3 2 
3 2 4 1 
346
2 3 1 4 
1 4 2 3 
4 2 3 1 
3 1 4 2 
347
3 1 4 2 
4 2 3 1 
1 3 2 4 
2 4 1 3 
348
3 1 2 4 
2 4 3 1 
4 3 1 2 
1 2 4 3 
349
2 4 3 1 
3 1 2 4 
1 2 4 3 
4 3 1 2 
350
1 3 4 2 
4 2 3 1 
2 4 1 3 
3 1 2 4 
351
1 3 4 2 
4 2 1 3 
3 4 2 1 
2 1 3 4 
352
3 4 1 2 
2 1 4 3 
4 3 2 1 
1 2 3 4 
353
2 3 1 4 
1 4 3 2 
4 1 2 3 
3 2 4 1 
354
2 1 4 3 
4 3 1 2 
1 2 3 4 
3 4 2 1 
355
3 2 1 4 
4 1 2 3 
2 4 3 1 
1 3 4 2 
356
1 2 4 3 
3 4 1 2 
2 1 3 4 
4 3 2 1 
357
3 4 1 2 
1 2 4 3 
2 1 3 4 
4 3 2 1 
358
2 4 1 3 
1 3 4 2 
3 1 2 4 
4 2 3 1 
359
2 1 3 4 
4 3 1 2 
1 4 2 3 
3 2 4 1 
360
3 4 1 2 
1 2 3 4 
4 1 2 3 
2 3 4 1 
361
4 2 1 3 
1 3 4 2 
3 1 2 4 
2 4 3 1 
362
4 3 1 2 
2 1 4 3 
1 2 3 4 
3 4 2 1 
363
1 3 2 4 
2 4 1 3 
4 1 3 2 
3 2 4 1 
364
3 2 4 1 
1 4 2 3 
2 1 3 4 
4 3 1 2 
365
3 1 4 2 
2 4 3 1 
1 3 2 4 
4 2 1 3 
366
2 4 3 1 
1 3 2 4 
4 2 1 3 
3 1 4 2 
367
4 2 1 3 
3 1 2 4 
2 3 4 1 
1 4 3 2 
368
1 2 3 4 
4 3 2 1 
2 4 1 3 
3 1 4 2 
369
2 3 1 4 
1 4 2 3 
3 1 4 2 
4 2 3 1 
370
4 2 1 3 
3 1 2 4 
2 3 4 1 
1 4 3 2 
371
3 2 4 1 
4 1 2 3 
1 4 3 2 
2 3 1 4 
372
2 4 1 3 
3 1 4 2 
1 3 2 4 
4 2 3 1 
373
2 4 3 1 
3 1 4 2 
4 2 1 3 
1 3 2 4 
374
3 1 2 4 
2 4 3 1 
4 3 1 2 
1 2 4 3 
375
4 1 2 3 
2 3 1 4 
1 4 3 2 
3 2 4 1 
376
2 4 3 1 
3 1 4 2 
4 2 1 3 
1 3 2 4 
377
1 4 2 3 
2 3 4 1 
3 2 1 4 
4 1 3 2 
378
3 4 2 1 
1 2 4 3 
2 3 1 4 
4 1 3 2 
379
1 4 3 2 
3 2 4 1 
4 1 2 3 
2 3 1 4 
380
2 1 4 3 
4 3 2 1 
3 2 1 4 
1 4 3 2 
381
3 2 1 4 
1 4 3 2 
2 1 4 3 
4 3 2 1 
382
3 1 4 2 
2 4 1 3 
1 2 3 4 
4 3 2 1 
383
1 4 3 2 
3 2 4 1 
4 1 2 3 
2 3 1 4 
384
1 3 4 2 
4 2 1 3 
2 4 3 1 
3 1 2 4 
385
2 3 1 4 
1 4 3 2 
4 1 2 3 
3 2 4 1 
386
1 3 2 4 
2 4 1 3 
4 1 3 2 
3 2 4 1 
387
2 3 1 4 
4 1 3 2 
3 2 4 1 
1 4 2 3 
388
4 1 2 3 
3 2 1 4 
2 4 3 1 
1 3 4 2 
389
1 3 4 2 
4 2 1 3 
2 4 3 1 
3 1 2 4 
390
1 4 3 2 
2 3 4 1 
3 2 1 4 
4 1 2 3 
391
4 3 1 2 
1 2 4 3 
3 4 2 1 
2 1 3 4 
392
4 1 3 2 
2 3 4 1 
1 4 2 3 
3 2 1 4 
393
2 1 4 3 
3 4 2 1 
4 3 1 2 
1 2 3 4 
394
4 2 3 1 
1 3 4 2 
2 4 1 3 
3 1 2 4 
395
1 4 3 2 
3 2 4 1 
4 1 2 3 
2 3 1 4 
396
3 1 4 2 
4 2 1 3 
1 3 2 4 
2 4 3 1 
397
4 2 1 3 
3 1 4 2 
1 3 2 4 
2 4 3 1 
398
2 1 3 4 
4 3 2 1 
1 2 4 3 
3 4 1 2 
399
1 3 4 2 
2 4 3 1 
3 2 1 4 
4 1 2 3 
400
3 1 4 2 
2 4 1 3 
4 2 3 1 
1 3 2 4 
401
1 2 3 4 
4 3 2 1 
2 1 4 3 
3 4 1 2 
402
1 4 2 3 
2 3 1 4 
3 2 4 1 
4 1 3 2 
403
3 2 1 4 
1 4 2 3 
4 1 3 2 
2 3 4 1 
404
2 1 3 4 
4 3 1 2 
3 4 2 1 
1 2 4 3 
405
1 2 4 3 
4 3 2 1 
2 1 3 4 
3 4 1 2 
406
1 2 3 4 
3 4 2 1 
4 3 1 2 
2 1 4 3 
407
4 1 3 2 
3 2 1 4 
1 4 2 3 
2 3 4 1 
408
3 1 2 4 
4 2 1 3 
2 4 3 1 
1 3 4 2 
409
3 2 4 1 
4 1 2 3 
2 3 1 4 
1 4 3 2 
410
4 3 2 1 
2 1 3 4 
1 2 4 3 
3 4 1 2 
411
2 3 4 1 
4 1 3 2 
3 2 1 4 
1 4 2 3 
412
3 1 4 2 
2 4 1 3 
4 2 3 1 
1 3 2 4 
413
4 2 1 3 
3 1 4 2 
2 4 3 1 
1 3 2 4 
414
3 1 4 2 
4 2 3 1 
1 4 2 3 
2 3 1 4 
415
2 1 3 4 
3 4 1 2 
4 3 2 1 
1 2 4 3 
416
1 3 2 4 
4 2 1 3 
3 1 4 2 
2 4 3 1 
417
4 2 1 3 
3 1 4 2 
1 3 2 4 
2 4 3 1 
418
1 2 4 3 
4 3 2 1 
3 4 1 2 
2 1 3 4 
419
2 1 3 4 
4 3 1 2 
3 4 2 1 
1 2 4 3 
420
4 1 3 2 
3 2 4 1 
2 3 1 4 
1 4 2 3 
421
3 2 4 1 
1 4 2 3 
2 1 3 4 
4 3 1 2 
422
3 2 4 1 
4 1 3 2 
2 3 1 4 
1 4 2 3 
423
1 2 3 4 
3 4 2 1 
4 3 1 2 
2 1 4 3 
424
2 3 4 1 
4 1 2 3 
1 4 3 2 
3 2 1 4 
425
3 1 4 2 
2 4 3 1 
1 3 2 4 
4 2 1 3 
426
2 3 1 4 
4 1 2 3 
3 2 4 1 
1 4 3 2 
427
3 2 1 4 
4 1 3 2 
2 3 4 1 
1 4 2 3 
428
2 3 4 1 
1 4 2 3 
3 2 1 4 
4 1 3 2 
429
1 2 4 3 
4 3 2 1 
2 1 3 4 
3 4 1 2 
430
4 2 3 1 
1 3 2 4 
3 4 1 2 
2 1 4 3 
431
3 2 1 4 
4 1 2 3 
1 3 4 2 
2 4 3 1 
432
3 4 2 1 
1 2 3 4 
4 3 1 2 
2 1 4 3 
433
3 4 1 2 
2 1 3 4 
1 2 4 3 
4 3 2 1 
434
3 1 2 4 
2 4 3 1 
1 2 4 3 
4 3 1 2 
435
1 4 3 2 
3 2 1 4 
2 3 4 1 
4 1 2 3 
436
4 1 3 2 
2 3 1 4 
3 2 4 1 
1 4 2 3 
437
4 2 3 1 
1 3 2 4 
2 1 4 3 
3 4 1 2 
438
2 3 1 4 
4 1 3 2 
1 2 4 3 
3 4 2 1 
439
1 4 3 2 
3 2 1 4 
2 1 4 3 
4 3 2 1 
440
3 4 1 2 
1 2 3 4 
2 3 4 1 
4 1 2 3 
441
2 4 1 3 
1 3 2 4 
4 2 3 1 
3 1 4 2 
442
1 3 2 4 
4 2 1 3 
3 1 4 2 
2 4 3 1 
443
4 2 1 3 
3 1 2 4 
1 4 3 2 
2 3 4 1 
444
1 3 2 4 
4 2 3 1 
2 4 1 3 
3 1 4 2 
445
4 1 2 3 
3 2 1 4 
2 3 4 1 
1 4 3 2 
446
1 2 4 3 
3 4 1 2 
2 1 3 4 
4 3 2 1 
447
1 2 4 3 
3 4 1 2 
2 1 3 4 
4 3 2 1 
448
1 3 4 2 
2 4 1 3 
3 1 2 4 
4 2 3 1 
449
1 2 4 3 
3 4 1 2 
2 1 3 4 
4 3 2 1 
450
1 4 3 2 
3 2 1 4 
4 1 2 3 
2 3 4 1 
451
2 4 3 1 
1 3 4 2 
3 1 2 4 
4 2 1 3 
452
2 1 4 3 
3 4 2 1 
4 3 1 2 
1 2 3 4 
453
3 2 1 4 
1 4 3 2 
2 1 4 3 
4 3 2 1 
454
3 2 4 1 
4 1 3 2 
1 3 2 4 
2 4 1 3 
455
2 1 3 4 
4 3 1 2 
1 4 2 3 
3 2 4 1 
456
1 4 3 2 
3 2 4 1 
2 3 1 4 
4 1 2 3 
457
1 3 4 2 
2 4 3 1 
4 1 2 3 
3 2 1 4 
458
2 1 4 3 
4 3 2 1 
1 2 3 4 
3 4 1 2 
459
4 2 3 1 
1 3 4 2 
2 4 1 3 
3 1 2 4 
460
2 4 1 3 
3 1 2 4 
4 2 3 1 
1 3 4 2 
461
1 2 3 4 
3 4 1 2 
2 1 4 3 
4 3 2 1 
462
4 3 2 1 
2 1 4 3 
1 4 3 2 
3 2 1 4 
463
3 4 2 1 
1 2 4 3 
4 3 1 2 
2 1 3 4 
464
3 4 2 1 
2 1 3 4 
1 3 4 2 
4 2 1 3 
465
4 3 1 2 
1 2 3 4 
2 1 4 3 
3 4 2 1 
466
3 4 1 2 
1 2 3 4 
4 1 2 3 
2 3 4 1 
467
2 4 3 1 
3 1 4 2 
4 2 1 3 
1 3 2 4 
468
2 1 3 4 
4 3 2 1 
3 4 1 2 
1 2 4 3 
469
1 3 4 2 
2 4 3 1 
4 2 1 3 
3 1 2 4 
470
3 4 2 1 
1 2 3 4 
4 3 1 2 
2 1 4 3 
471
4 3 2 1 
2 1 3 4 
3 4 1 2 
1 2 4 3 
472
1 2 4 3 
4 3 2 1 
3 4 1 2 
2 1 3 4 
473
3 1 4 2 
4 2 1 3 
2 4 3 1 
1 3 2 4 
474
1 4 2 3 
2 3 4 1 
4 1 3 2 
3 2 1 4 
475
4 1 2 3 
2 3 1 4 
3 2 4 1 
1 4 3 2 
476
2 4 3 1 
1 3 4 2 
3 1 2 4 
4 2 1 3 
477
4 3 2 1 
2 1 4 3 
3 4 1 2 
1 2 3 4 
478
4 2 3 1 
3 1 2 4 
1 3 4 2 
2 4 1 3 
479
4 2 1 3 
1 3 2 4 
3 1 4 2 
2 4 3 1 
480
2 4 1 3 
1 3 4 2 
3 1 2 4 
4 2 3 1 
481
2 3 4 1 
1 4 2 3 
4 1 3 2 
3 2 1 4 
482
2 3 4 1 
1 4 2 3 
4 1 3 2 
3 2 1 4 
483
1 3 4 2 
4 2 3 1 
2 4 1 3 
3 1 2 4 
484
2 4 3 1 
3 1 2 4 
4 2 1 3 
1 3 4 2 
485
3 4 1 2 
2 1 3 4 
4 3 2 1 
1 2 4 3 
486
4 3 2 1 
2 1 3 4 
1 2 4 3 
3 4 1 2 
487
4 2 1 3 
1 3 2 4 
2 4 3 1 
3 1 4 2 
488
3 4 2 1 
1 2 4 3 
2 1 3 4 
4 3 1 2 
489
1 4 3 2 
2 3 1 4 
3 2 4 1 
4 1 2 3 
490
4 2 1 3 
3 1 2 4 
1 4 3 2 
2 3 4 1 
491
3 4 1 2 
1 2 3 4 
4 1 2 3 
2 3 4 1 
492
1 2 4 3 
4 3 1 2 
2 1 3 4 
3 4 2 1 
493
2 4 1 3 
1 3 2 4 
3 2 4 1 
4 1 3 2 
494
4 3 1 2 
2 1 4 3 
3 4 2 1 
1 2 3 4 
495
3 1 2 4 
4 2 1 3 
2 4 3 1 
1 3 4 2 
496
2 3 4 1 
4 1 3 2 
1 4 2 3 
3 2 1 4 
497
2 3 1 4 
4 1 2 3 
3 2 4 1 
1 4 3 2 
498
2 3 1 4 
1 4 2 3 
3 2 4 1 
4 1 3 2 
499
3 4 2 1 
1 2 3 4 
4 3 1 2 
2 1 4 3 
500
1 2 3 4 
4 3 2 1 
2 1 4 3 
3 4 1 2 
